703716721484
1
179973959803
2
615373590832
11
368246336002
13
882806069455
845267490781
500393430509
279854453183
265297208911
161386812517
274141923120
917239442299
189959748014
623731727300
521749826063
679603753190
597853051821
398407463766
645714987942
206351810660
209208188582
448897220429
294761941197
287785503938
328336213580
463962834933
343549360907
941195497040
505585098219
116482361578
988829955105
835967496537
734074502005
961032151276
373678752626
266045384508
304383345365
381438573996
231516533485
190257539748
17149088753
604588866324
777274900847
455309262181
254122995557
553014097876
399272311571
531011190569
730962072374
800274176010
564065528928
875475167685
508312811602
348880607459
918649974510
462660584983
347232490408
103579243973
169494333374
405784766907
39446367136
15307455841
261861475780
192473156081
347533405186
380450412735
632471637865
705158143296
741842362170
424787828541
949311164523
375480676237
565548389980
983017245990
103678025121
171690511174
833443835310
337040988806
825040404547
457358818638
77582839546
925191409862
333148483158
354159766730
68397197862
339406841065
115572239672
119056554593
801792212230
479975243722
673641401176
398979562443
423189091854
660777116954
579979254182
299887551851
517409773297
894817501094
142385464356
176880852699
589209557236
488523164048
761275985998
587896554350
295539341155
396303858330
520383832042
321499306554
514731717095
435650834150
403413953930
634400686235
215476642739
706322656111
948067937826
556332048884
603624091797
353678920518
964053441457
562411119830
230398360908
72808468152
381059838176
228280117081
190411438930
944353004739
136857486072
813254007055
615778339927
311476484799
15007625238
911762360514
552580214991
648633951807
325417741865
482281742650
162547920102
988048211913
153229764556
500215146229
897962248831
820796783324
359436953532
530735005135
833149638521
168107522091
887998387841
486195866535
126308501349
100779811889
90792742555
324231205703
160541367133
879425289919
62894891039
243302867957
990046866858
565298628640
870243067168
719307423561
130488375931
314090848206
820492909874
860657814305
22310686021
451448791051
260346590023
741714968261
897220623254
194939325016
321305769321
50107870599
890173696392
631978988612
366077924841
263021331055
710883693737
879863065645
376729808187
815957915557
377144328492
964366595749
883089370940
591608028936
74850928653
371224190372
124717782144
41608443164
2624101393
693523958386
785685375002
290949964256
490219518051
504532841573
623643927264
163084605234
686714667063
493427163009
316520434247
634276044994
317492393535
56552579365
434189111525
232458485984
16025008087
779940876495
787741381985
456521875785
504935476247
374560296901
523875470344
77924397933
917570613606
703235385690
50826301422
627116189173
700950309708
413163595292
4670749524
433909198089
499355538852
584335087674
14863325273
585456632357
185918809187
430712647107
891597219154
621500680400
93357218728
825125237534
534120721638
131306883003
748823010575
627929140957
244860809161
69792813132
190018550364
495375451834
671739563663
285903750787
91147086921
319548234857
565816585500
180598548643
768010630889
348073017358
545002859431
227868096511
489033114846
483833301537
773581898408
590800637674
377178139806
451265952695
730386079143
848974964013
228703358477
241350963379
922318856305
421495078943
135218434039
768897422059
116618938790
894049081743
725498120373
531536480433
229378220063
186187834089
996908239926
654583670723
22191330878
366959563489
70040548506
629004927305
839366370062
453283569903
581605807331
330815753138
687645519214
760215001201
192421655971
580706111078
804535886858
421605241037
218188062925
241598282724
566844379907
539009739768
324563311721
861421809571
391915018510
853774813181
177394653915
587703060369
566342873561
468055267832
376955873748
283340406365
773881750146
187193451353
800487975274
739269111939
167239539303
87859512435
14726267166
170827592221
502568515385
270132619466
367969277093
713575674785
644330647148
55705116762
797984793569
722593359824
764227426144
247363452749
963822446422
306975295201
869753234291
268684603791
11003407407
617560783049
420339034895
216321821308
22022149081
973713346402
188549188188
896572132786
394681855079
145191915631
408174399814
27870935427
257318687847
356758218344
149427653687
950304303280
711408176005
532401849126
356276268436
105768286491
643051131567
108557624964
53576799101
399704142677
932144701364
702902931747
925643791946
955250552740
7237877318
796738939828
270645774056
745237191806
969045363854
138457073044
185919947674
859796242997
149826984184
791699093142
693664238505
35276378392
759232403131
219166753041
363267671153
104891903267
607399753004
699813868026
752333945740
871767804171
882442370632
442351151426
475027325591
63973977634
27022253498
737371268857
167556549597
192955956502
763148165153
694888555051
677338909495
704197824225
977675217135
160626010617
463840562350
248839602755
265136572295
988480322221
878452511204
613028204269
779454885667
240664574683
143388802899
46668810065
263624313958
445910339306
358546542781
535955129334
824986506634
924880653987
716222503262
986373730996
736963914529
539207926817
771146867039
505003611855
339408835605
748268496318
914633703103
40537936615
255784386776
645256866667
878799717332
260772179618
378454153429
606329759273
610115536681
702308648136
959489998960
993843030058
355037288239
359902346701
834297894573
42746184784
688796625588
812168355950
445209303160
894629284287
806815188310
981193602143
893464756932
154282176370
229012134115
267013789758
332015077605
346943397887
85030965538
914011538655
927910623033
882950885588
605216872200
830088371650
454082086742
287501617273
81899084694
133868350319
214237017624
699734325429
18337508274
63424319354
399697250898
241563260527
458064402036
113661704550
165264270781
796766715591
600147025199
407949437843
778367471915
171119323224
137017932427
975188711671
631688162362
403123427879
670479157989
252303301061
429383666685
742630834269
216297255389
705409988002
764210351283
872255838838
720395726046
908964612118
377291701676
16433537215
741585515161
523869042707
543764211968
441130747027
447489318175
518343273190
719467136908
361802516078
705867464273
699749852802
847653313552
811095027908
66794827648
65662831614
945110547185
177191000293
535370806424
69840778458
4074038615
305307996512
960138474103
965195625665
752818726482
624016030209
822205841636
483098651251
752731854419
162850233074
744596176146
861936806946
649755020179
459080113679
838693072508
642435016902
537854394155
196949864219
851176797414
270726248278
512658926354
951158540905
546320042422
981128223826
948041246391
7303220751
229030680229
96706225065
259059977272
468823637556
950527316182
692366909725
652851921456
224430179342
218668676510
13043730826
693571064594
113888163425
206980789948
747471348282
198918468280
19767729762
569171323968
327984514950
571280629635
370231381661
298946774816
579868094016
438572659731
216978015756
182709802743
552001998752
920325927029
801473360039
679230616933
18486060973
392726553396
540077601155
147618200291
314352634958
782960769034
330868086501
95816265128
322291250430
858336750366
630230468189
986188974214
762960257265
261845247608
599588517537
633994109365
210318953741
480562903499
559631576259
945047539574
194426202631
15787433599
747103153876
238941863777
676530611864
329622782478
445163658790
768496873945
879066763592
350270110412
341549418644
624923171061
13764490207
480137996146
876503682414
514123263333
878362503868
230841809268
873688554085
799348584513
944671089325
124052643546
373439509959
718492174326
962502503224
589445118307
873637284932
355129193290
207531332412
78594622620
217442674809
881684371436
771759892333
313667367053
94188917797
908071444667
167627825632
762180088102
428565585911
222055335707
564176665059
782545672010
707798397497
125848696074
309829975919
398855014409
905106615875
769059059372
317871942915
393661008464
872568761485
869801146531
318627612073
716871377156
203615299168
614397625323
777428657159
601915928202
990929276863
404592322709
387678409179
250726100384
700291688061
399596848611
294276386889
395701372587
362883311927
987876721568
71331481441
598042769017
303417810422
407064007234
504302444072
411588994208
457626495801
983893423488
746020270056
827030562734
137127645465
428565645102
971232463460
815541502639
630573212112
175975099654
111311313672
219611663225
439961028615
872549498770
762386367101
664508334544
905303002984
831278571376
572737803951
406618165972
595396237238
941058181383
852802053837
490731049208
863889085501
419243194151
415846158867
475708252215
892603683447
18420763332
29051139122
464920056585
19150116972
774231511172
495533223886
177861019558
443486335057
772435599813
462475599182
933434581363
327320981868
420081389957
847459881436
771307951389
728579249253
786827646073
157824185506
874554824269
622421779273
302251458163
59931635276
574203024917
533509071717
556413874941
275127541251
900469532713
581388186370
319566534741
142717567928
512479807848
251561426591
399889085555
586158650
849891671029
497177610982
269421529642
634135889122
736503407424
634224208482
513090802760
483348386650
197328985779
227712690634
351040720967
764136461604
575985985044
623940246362
676426524612
699770128353
324080994343
18277134514
809771631250
716103437227
868066020361
909688321238
479064232522
910394607493
798743897863
140885453
80747457524
85666342782
808617949899
870489231022
778777193052
41489581796
698868802610
944798704252
540805611414
231302815588
817467839186
212193402013
665302532140
123150616037
260090990420
19191848854
504543747845
70888872421
202213238421
4495956823
5514853933
399983635601
780910623480
287300082877
498547968421
573240096140
922514084120
923863692889
297733250157
805040282207
536957387809
108498176199
755306540327
310462122204
457322299890
917227069861
494426087304
234920438804
438226917872
61684648214
514483460506
974941918460
527013381542
832995228610
627021332834
200044381851
124929001294
694088789034
657855827641
182346155038
445699483458
675958018241
344879683740
845367810682
698989360731
361688134085
593752211519
477055567323
754725401727
442642791060
313433606768
573598119952
608507465298
880021657805
471354416897
439946927501
22204167898
495950911466
892376459069
265476228481
76459086227
989443554593
622520876511
313700501413
974091042956
436428923744
951347816318
467114924690
177959619865
719801250913
805018959618
74147626300
643999014902
366027976658
29397556908
839009195109
104799469547
569512011617
147595848472
164884055809
388285907882
217169007355
296396293967
681800181155
303254980844
285026107409
935789700455
512522234964
315996998180
675350836479
262542816908
30677771740
910398576788
549836514834
269912637839
148636370526
917104762250
934769807723
283190208735
74049382428
903336313142
136662211198
244074009298
932774235117
64324894568
750141676014
863816308625
127956873609
274088430853
212799690042
780941421387
784224706590
298035250333
240097033551
128831687279
382751018431
259376376856
422442102483
446123160662
253004212865
865591947736
449090043423
169531383258
938427327444
971406943397
945478343142
821096055741
781946403809
163236270885
394951812024
940675658108
181573390133
794107144913
953454393123
97805956277
636382293199
889301843056
966594501556
737871052363
171173659466
283774136578
46214624499
402078108786
860772463911
915266880905
88974357938
864471283756
587759540334
374452749652
627078378470
375946815746
176743696671
167752377672
564988029585
694772602558
742156708588
992613776653
222952954322
185469471463
129575127842
286434678024
890232895672
224935488880
283577974901
406931091427
705700576800
306611477303
698140587933
757156804166
858009352676
201137302158
942661767108
800894136293
409061424367
86408562483
651643408440
319855855556
184614852128
487670944848
92894499748
228542733431
321420309011
104878781551
217251942479
972252546459
270322654384
518291171677
820408054149
514718250048
995383700362
805067725536
337602386721
841034639496
954486372939
245623208764
434317078507
792811451178
921202849354
791091428485
280341333747
961450370497
370432373561
916863132225
67343086918
263802088864
51695564937
399105933274
968627429393
697785128278
425685096322
549310434714
629746791545
511894229281
442631627458
769198858436
300691486532
870808049020
971078758530
862333501857
715147219780
80555204797
589435602998
765321880016
681404411798
797087915234
272337405084
54914235159
13278037894
327276432514
307980612541
57655308082
3093748414
371585763358
428462245187
815735542635
30677908345
816593416028
370948219877
470522130243
519947466453
717641656009
383944029625
99884511047
368234594797
359943669777
420525606797
300856546997
673294415698
909426564629
486068279929
730975597565
575262420889
616499060481
814337830087
291627098862
4650361924
