2
11
13
15307455841
825040404547
119056554593
517409773297
100779811889
324231205703
14863325273
585456632357
627929140957
241350963379
861421809571
306975295201
22022149081
779454885667
736963914529
771146867039
359902346701
407949437843
960138474103
752731854419
196949864219
18486060973
147618200291
194426202631
589445118307
309829975919
849891671029
351040720967
140885453
287300082877
755306540327
892376459069
128831687279
382751018431
781946403809
228542733431
104878781551
80555204797
99884511047
