3 4 5
5 12 13
6 8 10
7 24 25
8 15 17
9 12 15
9 40 41
10 24 26
12 16 20
11 60 61
12 35 37
15 20 25
13 84 85
14 48 50
15 36 39
16 30 34
18 24 30
20 21 29
21 20 29
15 112 113
16 63 65
21 28 35
17 144 145
18 80 82
20 48 52
24 32 40
19 180 181
20 99 101
21 72 75
24 45 51
27 36 45
21 220 221
22 120 122
24 70 74
25 60 65
28 45 53
30 40 50
23 264 265
24 143 145
33 44 55
25 312 313
26 168 170
27 120 123
28 96 100
30 72 78
32 60 68
33 56 65
36 48 60
40 42 58
42 40 58
27 364 365
28 195 197
39 52 65
29 420 421
30 224 226
32 126 130
35 84 91
36 77 85
42 56 70
31 480 481
32 255 257
33 180 183
35 120 125
36 105 111
39 80 89
40 75 85
45 60 75
48 55 73
55 48 73
33 544 545
34 288 290
36 160 164
40 96 104
48 64 80
35 612 613
36 323 325
51 68 85
37 684 685
38 360 362
39 252 255
40 198 202
42 144 150
44 117 125
45 108 117
48 90 102
54 72 90
60 63 87
63 60 87
39 760 761
40 399 401
57 76 95
41 840 841
42 440 442
44 240 244
45 200 205
48 140 148
50 120 130
56 90 106
60 80 100
65 72 97
72 65 97
43 924 925
44 483 485
45 336 339
48 189 195
49 168 175
51 140 149
56 105 119
60 91 109
63 84 105
46 528 530
48 286 290
52 165 173
55 132 143
66 88 110
48 575 577
69 92 115
50 624 626
51 432 435
52 336 340
54 240 246
56 192 200
57 176 185
60 144 156
64 120 136
66 112 130
72 96 120
80 84 116
84 80 116
52 675 677
55 300 305
60 175 185
75 100 125
54 728 730
56 390 394
60 221 229
65 156 169
78 104 130
56 783 785
57 540 543
60 297 303
63 216 225
72 135 153
81 108 135
58 840 842
60 448 452
63 280 287
64 252 260
70 168 182
72 154 170
84 112 140
88 105 137
105 88 137
60 899 901
87 116 145
62 960 962
63 660 663
64 510 514
65 420 425
66 360 366
68 285 293
69 260 269
70 240 250
72 210 222
75 180 195
78 160 178
80 150 170
84 135 159
85 132 157
90 120 150
96 110 146
100 105 145
105 100 145
110 96 146
93 124 155
68 576 580
72 320 328
80 192 208
96 128 160
69 792 795
72 429 435
75 308 317
77 264 275
84 187 205
88 165 187
99 132 165
72 646 650
76 357 365
85 204 221
102 136 170
75 560 565
77 420 427
80 315 325
84 245 259
95 168 193
105 140 175
119 120 169
120 119 169
75 936 939
76 720 724
78 504 510
80 396 404
81 360 369
84 288 300
88 234 250
90 216 234
96 180 204
99 168 195
104 153 185
108 144 180
120 126 174
126 120 174
111 148 185
80 798 802
84 437 445
95 228 247
114 152 190
84 585 591
87 416 425
91 312 325
96 247 265
104 195 221
117 156 195
84 880 884
85 720 725
88 480 488
90 400 410
96 280 296
100 240 260
105 208 233
112 180 212
120 160 200
130 144 194
144 130 194
123 164 205
88 966 970
90 672 678
91 588 595
92 525 533
93 476 485
96 378 390
98 336 350
102 280 298
105 252 273
108 231 255
112 210 238
120 182 218
126 168 210
133 156 205
140 147 203
147 140 203
156 133 205
129 172 215
96 572 580
99 440 451
104 330 346
110 264 286
120 209 241
132 176 220
95 900 905
96 765 771
99 540 549
100 495 505
105 360 375
108 315 333
115 252 277
117 240 267
120 225 255
135 180 225
140 171 221
144 165 219
165 144 219
171 140 221
100 621 629
115 276 299
138 184 230
141 188 235
102 864 870
104 672 680
105 608 617
108 480 492
112 384 400
114 352 370
120 288 312
128 240 272
132 224 260
144 192 240
160 168 232
168 160 232
105 784 791
112 441 455
147 196 245
108 725 733
110 600 610
120 350 370
125 300 325
140 225 265
150 200 250
108 969 975
111 680 689
119 408 425
120 391 409
136 255 289
153 204 255
112 780 788
117 520 533
120 442 458
130 312 338
136 273 305
156 208 260
159 212 265
116 837 845
117 756 765
120 594 606
126 432 450
132 351 375
135 324 351
144 270 306
162 216 270
180 189 261
189 180 261
120 715 725
121 660 671
132 385 407
135 352 377
160 231 281
165 220 275
120 896 904
126 560 574
128 504 520
140 336 364
144 308 340
161 240 289
168 224 280
176 210 274
210 176 274
123 836 845
132 475 493
133 456 475
152 285 323
171 228 285
124 957 965
145 348 377
174 232 290
177 236 295
129 920 929
130 840 850
132 720 732
135 600 615
136 570 586
138 520 538
140 480 500
144 420 444
145 408 433
150 360 390
152 345 377
156 320 356
160 300 340
165 280 325
168 270 318
170 264 314
180 240 300
192 220 292
195 216 291
200 210 290
210 200 290
216 195 291
220 192 292
183 244 305
155 372 403
186 248 310
140 693 707
144 567 585
147 504 525
153 420 447
168 315 357
175 288 337
180 273 327
189 252 315
207 224 305
224 207 305
144 640 656
160 384 416
192 256 320
140 975 985
143 780 793
155 468 493
156 455 481
180 299 349
195 260 325
143 924 935
144 858 870
150 616 634
154 528 550
156 495 519
165 396 429
168 374 410
176 330 374
198 264 330
204 253 325
220 231 319
231 220 319
253 204 325
201 268 335
152 714 730
153 680 697
168 425 457
170 408 442
204 272 340
156 667 685
161 552 575
184 345 391
207 276 345
154 840 854
160 630 650
165 532 557
168 490 518
175 420 455
180 385 425
189 340 389
190 336 386
196 315 371
210 280 350
238 240 338
240 238 338
213 284 355
160 792 808
162 720 738
168 576 600
171 528 555
176 468 500
180 432 468
192 360 408
198 336 390
208 306 370
216 288 360
225 272 353
240 252 348
252 240 348
272 225 353
219 292 365
185 444 481
222 296 370
165 900 915
168 775 793
175 600 625
180 525 555
195 400 445
200 375 425
225 300 375
240 275 365
275 240 365
168 874 890
171 760 779
184 513 545
190 456 494
228 304 380
176 693 715
203 396 445
231 308 385
252 275 373
275 252 373
174 832 850
180 663 687
182 624 650
192 494 530
195 468 507
208 390 442
228 325 397
234 312 390
260 273 377
273 260 377
237 316 395
176 960 976
180 800 820
185 672 697
192 560 592
200 480 520
210 416 466
224 360 424
240 320 400
260 288 388
288 260 388
180 891 909
189 648 675
216 405 459
243 324 405
205 492 533
246 328 410
249 332 415
186 952 970
189 840 861
192 756 780
196 672 700
200 609 641
204 560 596
210 504 546
216 462 510
217 456 505
224 420 476
231 392 455
240 364 436
252 336 420
264 315 411
266 312 410
280 294 406
294 280 406
312 266 410
315 264 411
195 748 773
204 595 629
220 459 509
255 340 425
215 516 559
258 344 430
203 696 725
232 435 493
261 348 435
198 880 902
208 660 692
220 528 572
240 418 482
264 352 440
297 304 425
304 297 425
267 356 445
204 855 879
205 828 853
207 780 807
210 720 750
216 630 666
220 585 625
225 540 585
230 504 554
234 480 534
240 450 510
252 405 477
255 396 471
261 380 461
270 360 450
280 342 442
288 330 438
300 315 435
315 300 435
330 288 438
342 280 442
208 819 845
231 520 569
273 364 455
280 351 449
351 280 449
207 920 943
216 713 745
230 552 598
276 368 460
217 744 775
248 465 527
279 372 465
235 564 611
282 376 470
215 912 937
228 665 703
240 551 601
285 380 475
216 960 984
224 768 800
228 704 740
240 576 624
256 480 544
264 448 520
288 384 480
320 336 464
336 320 464
291 388 485
224 882 910
245 588 637
252 539 595
294 392 490
225 924 951
231 792 825
252 561 615
264 495 561
279 440 521
297 396 495
319 360 481
360 319 481
232 825 857
240 700 740
250 600 650
280 450 530
300 400 500
325 360 485
360 325 485
303 404 505
238 816 850
240 782 818
255 612 663
272 510 578
276 493 565
306 408 510
340 357 493
357 340 493
309 412 515
240 884 916
260 624 676
272 546 610
312 416 520
336 377 505
377 336 505
240 945 975
245 840 875
252 735 777
255 700 745
259 660 709
260 651 701
273 560 623
280 525 595
285 504 579
300 455 545
308 435 533
315 420 525
336 385 511
357 360 507
360 357 507
385 336 511
265 636 689
318 424 530
321 428 535
248 945 977
252 864 900
264 702 750
270 648 702
288 540 612
297 504 585
312 459 555
324 432 540
360 378 522
378 360 522
327 436 545
260 825 865
264 770 814
270 704 754
275 660 715
308 495 583
320 462 562
330 440 550
341 420 541
420 341 541
259 888 925
296 555 629
333 444 555
273 736 785
280 672 728
288 616 680
322 480 578
336 448 560
352 420 548
420 352 548
339 452 565
264 950 986
266 912 950
285 684 741
300 589 661
304 570 646
342 456 570
380 399 551
399 380 551
276 805 851
280 759 809
345 460 575
290 696 754
348 464 580
273 936 975
288 741 795
312 585 663
315 572 653
351 468 585
396 403 565
403 396 565
295 708 767
354 472 590
287 816 865
336 527 625
357 476 595
280 960 1000
285 880 925
288 840 888
290 816 866
300 720 780
304 690 754
312 640 712
315 624 699
320 600 680
330 560 650
336 540 636
340 528 628
360 480 600
368 465 593
384 440 584
390 432 582
400 420 580
420 400 580
432 390 582
440 384 584
465 368 593
363 484 605
305 732 793
366 488 610
328 615 697
369 492 615
310 744 806
372 496 620
300 875 925
375 500 625
301 900 949
306 840 894
308 819 875
315 756 819
324 693 765
333 644 725
336 630 714
350 576 674
360 546 654
378 504 630
399 468 615
414 448 610
420 441 609
441 420 609
448 414 610
468 399 615
381 508 635
320 768 832
384 512 640
344 645 731
387 516 645
310 936 986
312 910 962
325 780 845
360 598 698
364 585 689
390 520 650
429 460 629
460 429 629
393 524 655
330 792 858
336 748 820
352 660 748
360 627 723
363 616 715
385 552 673
396 528 660
408 506 650
440 462 638
462 440 638
506 408 650
364 627 725
399 532 665
335 804 871
402 536 670
324 945 999
345 756 831
351 720 801
360 675 765
405 540 675
420 513 663
432 495 657
495 432 657
513 420 663
336 850 914
340 816 884
400 561 689
408 544 680
411 548 685
345 828 897
348 805 877
368 690 782
414 552 690
460 483 667
483 460 667
417 556 695
350 840 910
360 770 850
378 680 778
380 672 772
392 630 742
420 560 700
440 525 685
455 504 679
476 480 676
480 476 676
504 455 679
525 440 685
376 705 799
423 564 705
355 852 923
426 568 710
407 624 745
429 572 715
455 528 697
528 455 697
352 936 1000
360 864 936
369 800 881
384 720 816
396 672 780
416 612 740
432 576 720
450 544 706
480 504 696
504 480 696
544 450 706
435 580 725
365 876 949
438 584 730
392 735 833
420 637 763
441 588 735
370 888 962
444 592 740
447 596 745
372 925 997
375 900 975
390 800 890
400 750 850
420 675 795
425 660 785
450 600 750
480 550 730
500 525 725
525 500 725
550 480 730
453 604 755
380 912 988
432 665 793
456 608 760
387 884 965
408 765 867
459 612 765
468 595 757
595 468 757
396 847 935
406 792 890
429 700 821
462 616 770
504 550 746
550 504 746
465 620 775
408 819 915
416 780 884
429 728 845
456 650 794
468 624 780
481 600 769
520 546 754
546 520 754
600 481 769
471 628 785
474 632 790
424 795 901
477 636 795
420 832 932
448 720 848
480 640 800
520 576 776
576 520 776
420 851 949
483 644 805
432 810 918
486 648 810
540 567 783
567 540 783
489 652 815
492 656 820
429 880 979
440 825 935
451 780 901
480 693 843
495 660 825
528 605 803
555 572 797
572 555 797
605 528 803
498 664 830
501 668 835
448 840 952
462 784 910
464 777 905
480 728 872
483 720 867
504 672 840
528 630 822
532 624 820
560 588 812
588 560 812
624 532 820
630 528 822
507 676 845
476 765 901
510 680 850
540 629 829
629 540 829
456 855 969
504 703 865
513 684 855
516 688 860
519 692 865
464 870 986
522 696 870
580 609 841
609 580 841
475 840 965
525 700 875
595 600 845
600 595 845
473 864 985
480 836 964
528 704 880
594 608 850
608 594 850
531 708 885
534 712 890
537 716 895
495 840 975
504 810 954
510 792 942
520 765 925
522 760 922
540 720 900
560 684 884
576 660 876
585 648 873
600 630 870
630 600 870
648 585 873
660 576 876
684 560 884
543 724 905
533 756 925
546 728 910
560 702 898
702 560 898
549 732 915
552 736 920
555 740 925
558 744 930
620 651 899
651 620 899
561 748 935
616 663 905
663 616 905
564 752 940
540 819 981
567 756 945
621 672 915
672 621 915
570 760 950
580 741 941
741 580 941
573 764 955
576 768 960
640 672 928
672 640 928
579 772 965
582 776 970
585 780 975
615 728 953
624 715 949
715 624 949
728 615 953
588 784 980
616 735 959
735 616 959
591 788 985
594 792 990
612 759 975
638 720 962
660 693 957
693 660 957
720 638 962
759 612 975
597 796 995
600 800 1000
650 720 970
720 650 970
680 714 986
696 697 985
697 696 985
714 680 986
